1193, 634, 431, 375, 281, 270, 291, 248, 253, 220, 226, 225, 276, 259, 260, 290, 341, 384, 507
1183, 650, 449, 370, 307, 265, 263, 239, 231, 246, 230, 272, 291, 272, 292, 307, 330, 424, 527
1114, 687, 437, 380, 319, 304, 272, 250, 248, 260, 229, 242, 239, 249, 267, 337, 360, 428, 481
1171, 623, 478, 372, 323, 260, 258, 245, 235, 216, 250, 219, 250, 249, 295, 314, 303, 382, 485
1135, 647, 433, 352, 330, 302, 241, 261, 251, 229, 212, 201, 251, 246, 257, 334, 364, 415, 519
1166, 610, 473, 363, 320, 278, 232, 272, 249, 269, 231, 261, 247, 309, 273, 288, 380, 420, 507
1115, 609, 451, 379, 293, 289, 271, 230, 239, 235, 238, 227, 249, 257, 279, 326, 333, 421, 509
1204, 627, 453, 361, 325, 262, 263, 283, 234, 248, 266, 262, 272, 260, 285, 303, 354, 422, 469
1080, 591, 455, 342, 300, 280, 272, 244, 214, 251, 240, 239, 255, 259, 296, 301, 392, 382, 501
1109, 646, 460, 326, 314, 303, 281, 269, 233, 248, 228, 231, 261, 238, 307, 304, 318, 373, 536
1088, 633, 447, 364, 318, 289, 266, 254, 247, 258, 239, 249, 269, 263, 290, 292, 347, 411, 479
1197, 640, 448, 331, 313, 266, 263, 255, 208, 254, 255, 258, 255, 251, 297, 315, 342, 348, 528
1163, 670, 417, 386, 316, 314, 274, 255, 235, 229, 225, 263, 237, 249, 271, 311, 321, 407, 471
1200, 634, 465, 373, 292, 266, 233, 253, 247, 242, 217, 255, 241, 274, 274, 339, 381, 414, 502
1228, 605, 430, 366, 291, 273, 278, 248, 235, 229, 249, 211, 276, 262, 260, 323, 352, 370, 493
1209, 616, 445, 376, 310, 275, 275, 251, 237, 226, 227, 234, 224, 291, 273, 283, 339, 388, 476
1129, 620, 455, 375, 314, 261, 271, 254, 233, 214, 245, 241, 274, 284, 299, 313, 332, 359, 474
1189, 593, 459, 381, 303, 311, 254, 236, 258, 216, 253, 255, 257, 255, 275, 321, 350, 406, 481
1130, 640, 445, 372, 269, 284, 267, 208, 232, 248, 237, 241, 222, 269, 264, 311, 337, 405, 481
1112, 639, 439, 365, 283, 291, 276, 238, 237, 238, 205, 258, 251, 279, 278, 306, 332, 429, 553
1145, 613, 456, 343, 290, 284, 252, 232, 243, 234, 230, 209, 239, 254, 284, 311, 307, 417, 505
1196, 620, 504, 385, 298, 284, 255, 265, 226, 246, 240, 250, 266, 285, 278, 307, 350, 382, 563
1180, 682, 418, 348, 278, 317, 266, 245, 227, 239, 228, 244, 263, 263, 317, 295, 337, 378, 467
1151, 673, 471, 396, 328, 269, 264, 243, 249, 238, 223, 254, 264, 277, 283, 279, 356, 368, 523
1114, 649, 439, 356, 290, 294, 274, 242, 200, 213, 228, 232, 240, 275, 302, 307, 344, 371, 511
1151, 601, 452, 354, 297, 302, 255, 212, 247, 231, 221, 232, 233, 273, 274, 276, 362, 417, 520
1136, 625, 459, 352, 305, 287, 203, 237, 262, 222, 236, 240, 266, 256, 297, 303, 368, 396, 499
1218, 626, 449, 352, 323, 262, 247, 235, 257, 219, 254, 252, 273, 282, 264, 318, 348, 412, 489
1239, 623, 495, 369, 292, 282, 275, 246, 254, 231, 223, 272, 250, 270, 264, 312, 372, 389, 536
1199, 654, 447, 375, 324, 296, 239, 228, 244, 234, 240, 250, 277, 292, 288, 313, 293, 374, 502
1168, 604, 432, 379, 324, 306, 282, 237, 254, 241, 237, 235, 264, 289, 286, 289, 350, 420, 511
1131, 624, 456, 322, 358, 273, 275, 225, 227, 219, 230, 213, 267, 268, 286, 305, 347, 398, 517
1132, 626, 468, 385, 288, 277, 267, 224, 230, 239, 236, 232, 253, 257, 289, 319, 343, 423, 462
1179, 651, 444, 341, 306, 277, 236, 240, 244, 231, 234, 259, 254, 302, 275, 316, 348, 393, 472
1203, 607, 426, 336, 314, 308, 255, 237, 234, 236, 250, 221, 254, 253, 291, 291, 358, 407, 508
1160, 623, 446, 368, 332, 289, 278, 255, 217, 233, 220, 219, 241, 243, 267, 298, 387, 448, 509
1191, 654, 485, 359, 350, 290, 266, 225, 246, 219, 225, 225, 233, 268, 286, 331, 346, 385, 485
1159, 624, 448, 363, 293, 250, 243, 259, 227, 244, 217, 235, 249, 258, 280, 331, 345, 402, 499
1214, 621, 415, 368, 306, 308, 272, 250, 239, 241, 234, 243, 254, 259, 299, 321, 355, 379, 466
1125, 592, 428, 343, 296, 262, 249, 256, 275, 223, 238, 244, 234, 250, 275, 312, 334, 358, 506
1187, 607, 440, 403, 312, 275, 247, 246, 220, 248, 248, 223, 267, 275, 272, 311, 340, 401, 508
1100, 623, 486, 350, 281, 268, 283, 227, 242, 239, 260, 272, 262, 265, 301, 300, 339, 405, 510
1156, 655, 483, 337, 292, 269, 272, 237, 254, 208, 247, 217, 234, 282, 275, 293, 338, 422, 502
1212, 591, 433, 373, 283, 295, 234, 240, 262, 245, 237, 242, 248, 252, 253, 330, 341, 415, 507
1155, 657, 471, 384, 338, 268, 263, 260, 256, 231, 256, 246, 245, 250, 253, 319, 355, 391, 519
1170, 633, 458, 344, 327, 276, 261, 271, 221, 253, 232, 215, 232, 260, 282, 296, 366, 369, 506
1190, 591, 458, 373, 346, 301, 255, 238, 259, 233, 245, 222, 230, 261, 289, 327, 323, 396, 539
1158, 658, 451, 359, 322, 263, 254, 240, 235, 244, 236, 256, 233, 254, 291, 304, 337, 412, 478
1119, 646, 480, 388, 330, 283, 255, 262, 232, 227, 220, 227, 259, 246, 289, 328, 339, 398, 486
1158, 644, 457, 366, 322, 297, 248, 229, 251, 230, 209, 243, 234, 252, 273, 304, 336, 446, 467
1157, 643, 448, 350, 294, 263, 262, 258, 215, 224, 218, 250, 251, 262, 271, 321, 359, 423, 519
1209, 647, 454, 362, 284, 273, 261, 256, 236, 227, 243, 223, 269, 252, 271, 303, 366, 415, 532
1158, 609, 473, 366, 310, 318, 274, 264, 237, 232, 242, 260, 266, 251, 301, 290, 347, 372, 557
1178, 637, 489, 373, 296, 301, 265, 254, 223, 268, 250, 252, 235, 258, 289, 341, 335, 380, 522
1187, 632, 457, 353, 320, 291, 275, 230, 269, 213, 234, 242, 259, 244, 299, 321, 368, 403, 540
1176, 604, 459, 382, 320, 278, 267, 246, 235, 217, 240, 251, 240, 287, 288, 353, 370, 387, 480
1182, 669, 462, 341, 345, 279, 235, 256, 201, 250, 247, 224, 247, 256, 285, 312, 357, 418, 510
1156, 606, 434, 361, 321, 261, 273, 219, 234, 233, 218, 240, 238, 254, 274, 308, 381, 416, 529
1132, 630, 445, 365, 316, 305, 255, 255, 243, 244, 260, 249, 230, 265, 251, 347, 368, 378, 515
1147, 638, 466, 371, 327, 293, 263, 233, 235, 218, 241, 234, 260, 257, 281, 291, 327, 386, 491
1134, 684, 447, 345, 309, 301, 269, 256, 259, 240, 248, 238, 238, 279, 292, 316, 341, 393, 518
1175, 638, 419, 398, 303, 289, 289, 270, 245, 234, 240, 230, 249, 268, 282, 301, 368, 386, 511
1132, 641, 429, 354, 337, 277, 240, 259, 245, 220, 251, 242, 249, 275, 281, 303, 369, 394, 539
1146, 625, 460, 366, 326, 274, 245, 236, 203, 238, 231, 223, 261, 277, 306, 291, 347, 389, 488
1226, 653, 476, 369, 293, 278, 245, 259, 237, 233, 254, 223, 221, 287, 258, 317, 364, 409, 522
1215, 648, 465, 366, 327, 288, 243, 235, 228, 236, 233, 226, 249, 263, 304, 275, 351, 384, 482
1233, 641, 443, 322, 331, 270, 271, 248, 226, 220, 264, 235, 266, 265, 288, 299, 346, 409, 513
1166, 653, 461, 367, 292, 237, 253, 239, 243, 226, 254, 222, 282, 261, 300, 302, 320, 390, 484
1176, 624, 469, 359, 294, 269, 268, 258, 243, 234, 227, 243, 241, 271, 260, 320, 362, 402, 481
1202, 663, 479, 360, 304, 311, 280, 241, 262, 240, 235, 230, 260, 268, 270, 329, 364, 374, 551
1176, 610, 408, 359, 341, 322, 265, 282, 221, 224, 238, 243, 251, 269, 273, 326, 350, 407, 509
1134, 607, 430, 366, 306, 279, 245, 253, 259, 220, 238, 248, 260, 287, 301, 292, 329, 401, 485
1198, 650, 475, 397, 300, 266, 251, 252, 243, 252, 250, 250, 258, 273, 284, 310, 349, 432, 521
1272, 627, 483, 355, 281, 269, 252, 245, 218, 265, 222, 237, 259, 268, 286, 324, 308, 424, 515
1185, 664, 452, 351, 288, 291, 249, 242, 233, 218, 225, 262, 241, 275, 282, 309, 337, 421, 482
1163, 626, 452, 409, 343, 282, 261, 226, 241, 245, 267, 243, 232, 244, 273, 322, 357, 397, 485
1192, 642, 433, 352, 330, 264, 259, 254, 245, 254, 216, 235, 228, 258, 311, 295, 327, 405, 463
1150, 646, 450, 323, 288, 255, 250, 256, 246, 258, 229, 258, 236, 266, 280, 295, 340, 425, 552
1162, 664, 462, 381, 323, 282, 249, 249, 210, 264, 223, 250, 237, 270, 295, 309, 373, 411, 490
1145, 566, 437, 380, 327, 304, 269, 248, 229, 241, 226, 259, 232, 271, 269, 324, 314, 413, 546
1162, 610, 436, 324, 303, 284, 300, 275, 250, 225, 240, 231, 260, 256, 275, 294, 364, 414, 532
1116, 637, 469, 353, 289, 265, 246, 275, 227, 246, 238, 266, 254, 279, 285, 352, 344, 421, 475
1144, 623, 459, 334, 299, 273, 273, 234, 240, 235, 221, 223, 261, 276, 298, 313, 349, 402, 502
1233, 657, 429, 381, 328, 279, 254, 269, 245, 250, 255, 236, 227, 254, 310, 279, 371, 400, 517
1178, 675, 491, 354, 292, 274, 269, 260, 239, 256, 218, 226, 246, 238, 266, 302, 331, 425, 501
1181, 629, 433, 340, 286, 273, 236, 244, 235, 220, 253, 235, 286, 271, 275, 293, 365, 425, 503
1274, 667, 427, 347, 308, 253, 266, 259, 232, 254, 235, 234, 266, 275, 278, 281, 353, 421, 511
1131, 618, 466, 348, 265, 280, 237, 246, 219, 237, 239, 255, 233, 283, 299, 286, 372, 432, 518
1154, 632, 453, 374, 328, 294, 269, 237, 226, 236, 235, 247, 268, 244, 321, 294, 344, 452, 509
1182, 598, 435, 359, 295, 273, 245, 259, 242, 231, 195, 225, 250, 287, 286, 319, 351, 419, 511
1179, 655, 429, 366, 322, 307, 261, 254, 234, 205, 212, 255, 259, 250, 280, 307, 335, 364, 473
1142, 628, 481, 378, 321, 249, 297, 242, 229, 199, 237, 202, 258, 272, 278, 337, 347, 404, 511
1200, 630, 421, 374, 336, 270, 273, 247, 254, 270, 232, 243, 245, 261, 310, 315, 330, 404, 533
1119, 590, 472, 355, 313, 282, 265, 245, 243, 248, 252, 214, 278, 235, 281, 302, 351, 386, 489
1137, 647, 482, 343, 328, 273, 265, 265, 198, 214, 250, 231, 230, 239, 273, 318, 337, 393, 500
1168, 679, 435, 333, 315, 276, 278, 241, 245, 228, 257, 223, 249, 276, 293, 286, 331, 419, 490
1178, 642, 462, 385, 318, 305, 261, 233, 223, 218, 217, 228, 266, 252, 271, 300, 355, 397, 515
1163, 593, 454, 370, 313, 306, 279, 231, 232, 242, 233, 233, 246, 271, 272, 328, 358, 419, 532
1162, 641, 453, 347, 329, 294, 265, 273, 272, 232, 215, 274, 251, 274, 244, 301, 319, 408, 480
1183, 575, 441, 395, 333, 284, 271, 215, 252, 207, 206, 249, 263, 277, 282, 294, 358, 418, 526
